50 200
50 400
50 100
50 600
50 500
50 300
50 700
50 800
50 900
100 100
50 1000
100 400
100 300
100 200
100 600
100 700
100 500
100 1000
100 800
100 900
150 100
150 200
150 300
150 400
150 500
150 600
150 700
150 800
150 900
150 1000
200 200
200 100
200 300
200 400
200 600
200 500
200 700
200 800
200 900
250 300
250 200
200 1000
250 100
250 400
250 500
250 700
250 900
250 600
250 1000
300 300
300 200
250 800
300 400
300 100
300 600
300 500
300 700
300 800
300 1000
350 200
350 100
350 300
350 400
350 500
300 900
350 800
350 700
350 600
350 900
350 1000
50 1050
75 1050
100 1050
150 1050
125 1050
175 1050
200 1050
250 1050
225 1050
300 1050
